INCLUDE C:\Users\Lenovo - Nico\Desktop\Prueba 747\low_E\geo747_tube.dat
$-------2-------3-------4-------5-------6-------7-------8-------9-------10
$ Lumped masses: BAGGAGE 4099.64 Kg
$ Fuselage beams: from 13 to 17
$ Fraction of baggage length: from 0 to 100 %
$ XML variabile: aircraft.Baggage.Baggage_combined_length = 16.5973 m.
$-------2-------3-------4-------5-------6-------7-------8-------9-------10
CONM2   6       1012    0       409.09  0       0       0       
        0.      0.      0.      0.      0.      0.      
CONM2   7       1013    0       896.155 0       0       0       
        0.      0.      0.      0.      0.      0.      
CONM2   8       1014    0       870.044 0       0       0       
        0.      0.      0.      0.      0.      0.      
CONM2   9       1015    0       829.931 0       0       0       
        0.      0.      0.      0.      0.      0.      
CONM2   10      1016    0       1094.42 0       0       0       
        0.      0.      0.      0.      0.      0.      

$-------2-------3-------4-------5-------6-------7-------8-------9-------10
$ Lumped masses: PASSENGERS 41004.988 Kg
$ Fuselage beams: from 4 to 14
$ Fraction of cabin length : from 0 to 100 %
$ Cabin length = 37.253 m.
$-------2-------3-------4-------5-------6-------7-------8-------9-------10
CONM2   11      1003    0       1299.74 0       0       0       
        0.      0.      0.      0.      0.      0.      
CONM2   12      1004    0       3184.36 0       0       0       
        0.      0.      0.      0.      0.      0.      
CONM2   13      1005    0       3769.75 0       0       0       
        0.      0.      0.      0.      0.      0.      
CONM2   14      1006    0       3769.64 0       0       0       
        0.      0.      0.      0.      0.      0.      
CONM2   15      1007    0       3842.29 0       0       0       
        0.      0.      0.      0.      0.      0.      
CONM2   16      1008    0       3769.92 0       0       0       
        0.      0.      0.      0.      0.      0.      
CONM2   17      1009    0       3697.58 0       0       0       
        0.      0.      0.      0.      0.      0.      
CONM2   18      1010    0       3770.25 0       0       0       
        0.      0.      0.      0.      0.      0.      
CONM2   19      1011    0       3770.14 0       0       0       
        0.      0.      0.      0.      0.      0.      
CONM2   20      1012    0       3770.04 0       0       0       
        0.      0.      0.      0.      0.      0.      
CONM2   21      1013    0       4123.3  0       0       0       
        0.      0.      0.      0.      0.      0.      
CONM2   22      1014    0       2237.98 0       0       0       
        0.      0.      0.      0.      0.      0.      

$-------2-------3-------4-------5-------6-------7-------8-------9-------10
$ Lumped masses: WING TANK FUEL 115000 Kg
$ Wing beams: from 3 to 23
$ Span fraction: from 11.9215 to 70 %
$-------2-------3-------4-------5-------6-------7-------8-------9-------10
CONM2   23      2002    0       2689.28 0       0       0       
        2830.77 3756.77 5620.24 471.335 677.756 303.219 
CONM2   24      2003    0       5199.94 0       0       0       
        5318.83 7041.57 10547.3 883.455 1270.36 581.263 
CONM2   25      2004    0       4848.82 0       0       0       
        4665.7  6143.37 9227.25 770.764 1108.32 532.445 
CONM2   26      2005    0       4509.97 0       0       0       
        4075.07 5333.6  8035.36 669.168 962.231 486.626 
CONM2   27      2006    0       4183.41 0       0       0       
        3542.79 4606.31 6963.05 577.92  831.02  443.669 
CONM2   28      2007    0       3869.11 0       0       0       
        3064.84 3955.7  6002.02 496.294 713.646 403.444 
CONM2   29      2008    0       3567.1  0       0       0       
        2637.36 3376.24 5144.27 423.592 609.104 365.825 
CONM2   30      2009    0       3277.36 0       0       0       
        2256.61 2862.55 4382.11 359.144 516.431 330.691 
CONM2   31      2010    0       2999.9  0       0       0       
        1919.04 2409.5  3708.13 302.303 434.696 297.925 
CONM2   32      2011    0       2734.71 0       0       0       
        1621.19 2012.15 3115.24 252.45  363.01  267.416 
CONM2   33      2012    0       2481.8  0       0       0       
        1359.78 1665.77 2596.64 208.992 300.52  239.057 
CONM2   34      2013    0       2241.17 0       0       0       
        1131.68 1365.83 2145.83 171.361 246.409 212.745 
CONM2   35      2014    0       2063.63 0       0       0       
        1016.83 1147.57 1744.3  143.306 196.02  199.536 
CONM2   36      2015    0       1925.53 0       0       0       
        922.016 966.343 1414.08 120.026 154.414 190.057 
CONM2   37      2016    0       1791.52 0       0       0       
        781.25  800.546 1188.89 99.4333 127.921 174.874 
CONM2   38      2017    0       1680.88 0       0       0       
        686.461 691.23  1038.44 85.8555 110.454 162.887 
CONM2   39      2018    0       1573.78 0       0       0       
        609.718 604.728 917.648 75.1114 96.6311 151.665 
CONM2   40      2019    0       1470.2  0       0       0       
        539.705 526.482 807.791 65.3926 84.1279 140.92  
CONM2   41      2020    0       1370.15 0       0       0       
        476.007 455.957 708.183 56.633  72.8586 130.641 
CONM2   42      2021    0       1273.62 0       0       0       
        418.224 392.639 618.157 48.7684 62.7408 120.818 
CONM2   43      2022    0       1180.62 0       0       0       
        365.966 336.027 537.072 41.7368 53.6946 111.442 
CONM2   44      2023    0       567.502 0       0       0       
        170.586 154.668 249.343 19.2108 24.7148 53.4319 
CONM2   45      2036    0       2689.28 0       0       0       
        2830.77 -3756.775620.24 471.335 -677.756303.219 
CONM2   46      2037    0       5199.94 0       0       0       
        5318.83 -7041.5710547.3 883.455 -1270.36581.263 
CONM2   47      2038    0       4848.82 0       0       0       
        4665.7  -6143.379227.25 770.764 -1108.32532.445 
CONM2   48      2039    0       4509.97 0       0       0       
        4075.07 -5333.6 8035.36 669.168 -962.231486.626 
CONM2   49      2040    0       4183.41 0       0       0       
        3542.79 -4606.316963.05 577.92  -831.02 443.669 
CONM2   50      2041    0       3869.11 0       0       0       
        3064.84 -3955.7 6002.02 496.294 -713.646403.444 
CONM2   51      2042    0       3567.1  0       0       0       
        2637.36 -3376.245144.27 423.592 -609.104365.825 
CONM2   52      2043    0       3277.36 0       0       0       
        2256.61 -2862.554382.11 359.144 -516.431330.691 
CONM2   53      2044    0       2999.9  0       0       0       
        1919.04 -2409.5 3708.13 302.303 -434.696297.925 
CONM2   54      2045    0       2734.71 0       0       0       
        1621.19 -2012.153115.24 252.45  -363.01 267.416 
CONM2   55      2046    0       2481.8  0       0       0       
        1359.78 -1665.772596.64 208.992 -300.52 239.057 
CONM2   56      2047    0       2241.17 0       0       0       
        1131.68 -1365.832145.83 171.361 -246.409212.745 
CONM2   57      2048    0       2063.63 0       0       0       
        1016.83 -1147.571744.3  143.306 -196.02 199.536 
CONM2   58      2049    0       1925.53 0       0       0       
        922.016 -966.3431414.08 120.026 -154.414190.057 
CONM2   59      2050    0       1791.52 0       0       0       
        781.25  -800.5461188.89 99.4333 -127.921174.874 
CONM2   60      2051    0       1680.88 0       0       0       
        686.461 -691.23 1038.44 85.8555 -110.454162.887 
CONM2   61      2052    0       1573.78 0       0       0       
        609.718 -604.728917.648 75.1114 -96.6311151.665 
CONM2   62      2053    0       1470.2  0       0       0       
        539.705 -526.482807.791 65.3926 -84.1279140.92  
CONM2   63      2054    0       1370.15 0       0       0       
        476.007 -455.957708.183 56.633  -72.8586130.641 
CONM2   64      2055    0       1273.62 0       0       0       
        418.224 -392.639618.157 48.7684 -62.7408120.818 
CONM2   65      2056    0       1180.62 0       0       0       
        365.966 -336.027537.072 41.7368 -53.6946111.442 
CONM2   66      2057    0       567.502 0       0       0       
        170.586 -154.668249.343 19.2108 -24.714853.4319 

$-------2-------3-------4-------5-------6-------7-------8-------9-------10
$ Lumped masses: CENTRAL TANK FUEL 46000 Kg
$ Wing beams: from 1 to 2
$-------2-------3-------4-------5-------6-------7-------8-------9-------10
CONM2   67      2000    0       5750    0       0       0       
        1513.92 0.      26941.6 0.      0.      1513.92 
CONM2   68      2001    0       11500   0       0       0       
        3027.83 0.      49356.3 0.      0.      3027.83 
CONM2   69      2002    0       5750    0       0       0       
        1513.92 0.      22414.7 0.      0.      1513.92 
CONM2   70      2000    0       5750    0       0       0       
        1513.92 0.      26941.6 0.      0.      1513.92 
CONM2   71      2035    0       11500   0       0       0       
        3027.83 0.      49356.3 0.      0.      3027.83 
CONM2   72      2036    0       5750    0       0       0       
        1513.92 0.      22414.7 0.      0.      1513.92 

$ Summary of payload (as CONM2): 
$ Wing tank: 115000
$ Central tank: 46000
$ Auxiliary tank: 0
$ Passengers: 41004.988
$ Baggage: 4099.64
$-------2-------3-------4-------5-------6-------7-------8-------9-------10
$ SUPORT FOR CURRENT CONFIGURATION
SUPORT  1       1009    123456  
