
$-------2-------3-------4-------5-------6-------7-------8-------9-------10
$ Material definition
$-------2-------3-------4-------5-------6-------7-------8-------9-------10
MAT1    100     7.37e+10        0.3     2795.72 
        4.03e+083.72e+082.23e+08
MAT1    200     6.3e+10         0.3     2795.72 
        4.77e+084.77e+082.75e+08
MAT1    300     7.37e+10        0.3     2795.72 
        4.77e+084.77e+082.75e+08
MAT1    400     7.37e+10        0.3     2795.72 
        4.77e+084.77e+082.75e+08

$-------2-------3-------4-------5-------6-------7-------8-------9-------10
$ Node definition
$-------2-------3-------4-------5-------6-------7-------8-------9-------10
GRID    1000    0       0.      0.      -0.081240       0       0       
GRID    1001    0       3.425   0.      0.2184060       0       0       
GRID    1002    0       6.85    0.      0.5180540       0       0       
GRID    1003    0       11.339  0.      0.9107910       0       0       
GRID    1004    0       13.7    0.      0.9397660       0       0       
GRID    1005    0       17.125  0.      0.9818  0       0       0       
GRID    1006    0       20.55   0.      1.02383 0       0       0       
GRID    1007    0       23.975  0.      1.06587 0       0       0       
GRID    1008    0       27.5322 0.      1.10952 0       0       0       
GRID    1009    0       30.825  0.      1.02287 0       0       0       
GRID    1010    0       34.25   0.      0.93273 0       0       0       
GRID    1011    0       37.675  0.      0.8425940       0       0       
GRID    1012    0       41.1    0.      0.7524580       0       0       
GRID    1013    0       44.525  0.      0.6623220       0       0       
GRID    1014    0       48.592  0.      0.5552910       0       0       
GRID    1015    0       51.375  0.      0.6966920       0       0       
GRID    1016    0       54.8    0.      0.8707120       0       0       
GRID    1017    0       59.6344 0.      1.11634 0       0       0       
GRID    1018    0       62.2279 0.      1.24812 0       0       0       
GRID    1019    0       65.075  0.      1.39277 0       0       0       
GRID    1020    0       68.5    0.      1.56679 0       0       0       
GRID    2001    0       27.5322 1.77749 -2.3605 0       0       0       
GRID    2002    0       27.5322 3.55498 -2.3605 0       0       0       
GRID    2003    0       28.0926 4.36079 -2.2594 0       0       0       
GRID    2004    0       28.653  5.1666  -2.1583 0       0       0       
GRID    2005    0       29.2134 5.97241 -2.0572 0       0       0       
GRID    2006    0       29.7738 6.77822 -1.9561 0       0       0       
GRID    2007    0       30.3341 7.58402 -1.855010       0       0       
GRID    2008    0       30.8945 8.38983 -1.753910       0       0       
GRID    2009    0       31.4549 9.19564 -1.652810       0       0       
GRID    2010    0       32.0153 10.0014 -1.551710       0       0       
GRID    2011    0       32.5757 10.8073 -1.450610       0       0       
GRID    2012    0       33.1361 11.6131 -1.349510       0       0       
GRID    2013    0       33.6965 12.4189 -1.248410       0       0       
GRID    2014    0       34.2568 13.2247 -1.147310       0       0       
GRID    2015    0       34.8871 14.0356 -1.0466 0       0       0       
GRID    2016    0       35.5174 14.8464 -0.945880       0       0       
GRID    2017    0       36.1477 15.6573 -0.845160       0       0       
GRID    2018    0       36.778  16.4682 -0.744450       0       0       
GRID    2019    0       37.4083 17.279  -0.643730       0       0       
GRID    2020    0       38.0386 18.0899 -0.543010       0       0       
GRID    2021    0       38.6689 18.9008 -0.442300       0       0       
GRID    2022    0       39.2992 19.7116 -0.341580       0       0       
GRID    2023    0       39.9295 20.5225 -0.240870       0       0       
GRID    2024    0       40.5597 21.3334 -0.140150       0       0       
GRID    2025    0       41.2025 22.162  -0.037220       0       0       
GRID    2026    0       41.8452 22.9906 0.0657090       0       0       
GRID    2027    0       42.4879 23.8193 0.1686430       0       0       
GRID    2028    0       43.1307 24.6479 0.2715760       0       0       
GRID    2029    0       43.7734 25.4765 0.3745090       0       0       
GRID    2030    0       44.4161 26.3051 0.4774420       0       0       
GRID    2031    0       45.0589 27.1338 0.5803750       0       0       
GRID    2032    0       45.7016 27.9624 0.6833080       0       0       
GRID    2033    0       46.3443 28.791  0.7862410       0       0       
GRID    2034    0       46.987  29.6197 0.8891740       0       0       
GRID    2000    0       27.5322 0.      -2.3605 0       0       0       
GRID    2035    0       27.5322 -1.77749-2.3605 0       0       0       
GRID    2036    0       27.5322 -3.55498-2.3605 0       0       0       
GRID    2037    0       28.0926 -4.36079-2.2594 0       0       0       
GRID    2038    0       28.653  -5.1666 -2.1583 0       0       0       
GRID    2039    0       29.2134 -5.97241-2.0572 0       0       0       
GRID    2040    0       29.7738 -6.77822-1.9561 0       0       0       
GRID    2041    0       30.3341 -7.58402-1.855010       0       0       
GRID    2042    0       30.8945 -8.38983-1.753910       0       0       
GRID    2043    0       31.4549 -9.19564-1.652810       0       0       
GRID    2044    0       32.0153 -10.0014-1.551710       0       0       
GRID    2045    0       32.5757 -10.8073-1.450610       0       0       
GRID    2046    0       33.1361 -11.6131-1.349510       0       0       
GRID    2047    0       33.6965 -12.4189-1.248410       0       0       
GRID    2048    0       34.2568 -13.2247-1.147310       0       0       
GRID    2049    0       34.8871 -14.0356-1.0466 0       0       0       
GRID    2050    0       35.5174 -14.8464-0.945880       0       0       
GRID    2051    0       36.1477 -15.6573-0.845160       0       0       
GRID    2052    0       36.778  -16.4682-0.744450       0       0       
GRID    2053    0       37.4083 -17.279 -0.643730       0       0       
GRID    2054    0       38.0386 -18.0899-0.543010       0       0       
GRID    2055    0       38.6689 -18.9008-0.442300       0       0       
GRID    2056    0       39.2992 -19.7116-0.341580       0       0       
GRID    2057    0       39.9295 -20.5225-0.240870       0       0       
GRID    2058    0       40.5597 -21.3334-0.140150       0       0       
GRID    2059    0       41.2025 -22.162 -0.037220       0       0       
GRID    2060    0       41.8452 -22.99060.0657090       0       0       
GRID    2061    0       42.4879 -23.81930.1686430       0       0       
GRID    2062    0       43.1307 -24.64790.2715760       0       0       
GRID    2063    0       43.7734 -25.47650.3745090       0       0       
GRID    2064    0       44.4161 -26.30510.4774420       0       0       
GRID    2065    0       45.0589 -27.13380.5803750       0       0       
GRID    2066    0       45.7016 -27.96240.6833080       0       0       
GRID    2067    0       46.3443 -28.791 0.7862410       0       0       
GRID    2068    0       46.987  -29.61970.8891740       0       0       
GRID    3000    0       59.6344 0.      2.844   0       0       0       
GRID    3001    0       60.3041 0.      3.56971 0       0       0       
GRID    3002    0       60.9738 0.      4.29543 0       0       0       
GRID    3003    0       61.6434 0.      5.02114 0       0       0       
GRID    3004    0       62.3131 0.      5.74686 0       0       0       
GRID    3005    0       62.9828 0.      6.47257 0       0       0       
GRID    3006    0       63.6525 0.      7.19829 0       0       0       
GRID    3007    0       64.3221 0.      7.924   0       0       0       
GRID    3008    0       64.9918 0.      8.64971 0       0       0       
GRID    3009    0       65.6615 0.      9.37543 0       0       0       
GRID    3010    0       66.3312 0.      10.1011 0       0       0       
GRID    3011    0       67.0009 0.      10.8269 0       0       0       
GRID    3012    0       67.6705 0.      11.5526 0       0       0       
GRID    3013    0       68.3402 0.      12.2783 0       0       0       
GRID    3014    0       69.0099 0.      13.004  0       0       0       
GRID    4001    0       62.2279 0.9281541.0665  0       0       0       
GRID    4002    0       62.2279 1.85631 1.0665  0       0       0       
GRID    4003    0       62.5914 2.4591  1.13973 0       0       0       
GRID    4004    0       62.955  3.06188 1.21295 0       0       0       
GRID    4005    0       63.3185 3.66467 1.28618 0       0       0       
GRID    4006    0       63.682  4.26745 1.3594  0       0       0       
GRID    4007    0       64.0455 4.87024 1.43263 0       0       0       
GRID    4008    0       64.409  5.47303 1.50586 0       0       0       
GRID    4009    0       64.7857 6.07959 1.57976 0       0       0       
GRID    4010    0       65.1624 6.68615 1.65366 0       0       0       
GRID    4011    0       65.5391 7.29272 1.72756 0       0       0       
GRID    4012    0       65.9158 7.89928 1.80146 0       0       0       
GRID    4013    0       66.2925 8.50584 1.87536 0       0       0       
GRID    4014    0       66.6692 9.11241 1.94926 0       0       0       
GRID    4015    0       67.0459 9.71897 2.02316 0       0       0       
GRID    4016    0       67.4226 10.3255 2.09706 0       0       0       
GRID    4017    0       67.7993 10.9321 2.17096 0       0       0       
GRID    4000    0       62.2279 0.      1.0665  0       0       0       
GRID    4018    0       62.2279 -0.928151.0665  0       0       0       
GRID    4019    0       62.2279 -1.856311.0665  0       0       0       
GRID    4020    0       62.5914 -2.4591 1.13973 0       0       0       
GRID    4021    0       62.955  -3.061881.21295 0       0       0       
GRID    4022    0       63.3185 -3.664671.28618 0       0       0       
GRID    4023    0       63.682  -4.267451.3594  0       0       0       
GRID    4024    0       64.0455 -4.870241.43263 0       0       0       
GRID    4025    0       64.409  -5.473031.50586 0       0       0       
GRID    4026    0       64.7857 -6.079591.57976 0       0       0       
GRID    4027    0       65.1624 -6.686151.65366 0       0       0       
GRID    4028    0       65.5391 -7.292721.72756 0       0       0       
GRID    4029    0       65.9158 -7.899281.80146 0       0       0       
GRID    4030    0       66.2925 -8.505841.87536 0       0       0       
GRID    4031    0       66.6692 -9.112411.94926 0       0       0       
GRID    4032    0       67.0459 -9.718972.02316 0       0       0       
GRID    4033    0       67.4226 -10.32552.09706 0       0       0       
GRID    4034    0       67.7993 -10.93212.17096 0       0       0       

$-------2-------3-------4-------5-------6-------7-------8-------9-------10
$ Beam definition
$-------2-------3-------4-------5-------6-------7-------8-------9-------10
CBAR    1000    1000    1000    1001    -0.087150.0     0.996195GGG     
CBAR    1001    1001    1001    1002    -0.087150.0     0.996195GGG     
CBAR    1002    1002    1002    1003    -0.087150.0     0.996195GGG     
CBAR    1003    1003    1003    1004    -0.012270.0     0.999925GGG     
CBAR    1004    1004    1004    1005    -0.012270.0     0.999925GGG     
CBAR    1005    1005    1005    1006    -0.012270.0     0.999925GGG     
CBAR    1006    1006    1006    1007    -0.012270.0     0.999925GGG     
CBAR    1007    1007    1007    1008    -0.012270.0     0.999925GGG     
CBAR    1008    1008    1008    1009    0.0263070.0     0.999654GGG     
CBAR    1009    1009    1009    1010    0.0263070.0     0.999654GGG     
CBAR    1010    1010    1010    1011    0.0263070.0     0.999654GGG     
CBAR    1011    1011    1011    1012    0.0263070.0     0.999654GGG     
CBAR    1012    1012    1012    1013    0.0263070.0     0.999654GGG     
CBAR    1013    1013    1013    1014    0.0263070.0     0.999654GGG     
CBAR    1014    1014    1014    1015    -0.050740.0     0.998712GGG     
CBAR    1015    1015    1015    1016    -0.050740.0     0.998712GGG     
CBAR    1016    1016    1016    1017    -0.050740.0     0.998712GGG     
CBAR    1017    1017    1017    1018    -0.050740.0     0.998712GGG     
CBAR    1018    1018    1018    1019    -0.050740.0     0.998712GGG     
CBAR    1019    1019    1019    1020    -0.050740.0     0.998712GGG     
CBAR    2000    2000    2000    2001    0.0     0.0     1.0     GGG     
CBAR    2001    2001    2001    2002    0.0     0.0     1.0     GGG     
CBAR    2002    2002    2002    2003    0.017381-0.136360.990507GGG     
CBAR    2003    2003    2003    2004    0.017381-0.136360.990507GGG     
CBAR    2004    2004    2004    2005    0.017381-0.136360.990507GGG     
CBAR    2005    2005    2005    2006    0.017381-0.136360.990507GGG     
CBAR    2006    2006    2006    2007    0.017381-0.136360.990507GGG     
CBAR    2007    2007    2007    2008    0.017381-0.136360.990507GGG     
CBAR    2008    2008    2008    2009    0.017381-0.136360.990507GGG     
CBAR    2009    2009    2009    2010    0.017381-0.136360.990507GGG     
CBAR    2010    2010    2010    2011    0.017381-0.136360.990507GGG     
CBAR    2011    2011    2011    2012    0.017381-0.136360.990507GGG     
CBAR    2012    2012    2012    2013    0.017381-0.136360.990507GGG     
CBAR    2013    2013    2013    2014    0.017381-0.136360.990507GGG     
CBAR    2014    2014    2014    2015    0.017380-0.136530.990483GGG     
CBAR    2015    2015    2015    2016    0.017380-0.136530.990483GGG     
CBAR    2016    2016    2016    2017    0.017380-0.136530.990483GGG     
CBAR    2017    2017    2017    2018    0.017380-0.136530.990483GGG     
CBAR    2018    2018    2018    2019    0.017380-0.136530.990483GGG     
CBAR    2019    2019    2019    2020    0.017380-0.136530.990483GGG     
CBAR    2020    2020    2020    2021    0.017380-0.136530.990483GGG     
CBAR    2021    2021    2021    2022    0.017380-0.136530.990483GGG     
CBAR    2022    2022    2022    2023    0.017380-0.136530.990483GGG     
CBAR    2023    2023    2023    2024    0.017380-0.136530.990483GGG     
CBAR    2024    2024    2024    2025    0.017380-0.136520.990485GGG     
CBAR    2025    2025    2025    2026    0.017380-0.136520.990485GGG     
CBAR    2026    2026    2026    2027    0.017380-0.136520.990485GGG     
CBAR    2027    2027    2027    2028    0.017380-0.136520.990485GGG     
CBAR    2028    2028    2028    2029    0.017380-0.136520.990485GGG     
CBAR    2029    2029    2029    2030    0.017380-0.136520.990485GGG     
CBAR    2030    2030    2030    2031    0.017380-0.136520.990485GGG     
CBAR    2031    2031    2031    2032    0.017380-0.136520.990485GGG     
CBAR    2032    2032    2032    2033    0.017380-0.136520.990485GGG     
CBAR    2033    2033    2033    2034    0.017380-0.136520.990485GGG     
CBAR    2034    2000    2000    2035    0.0     0.0     1.0     GGG     
CBAR    2035    2001    2035    2036    0.0     0.0     1.0     GGG     
CBAR    2036    2002    2036    2037    0.0173810.13636 0.990507GGG     
CBAR    2037    2003    2037    2038    0.0173810.13636 0.990507GGG     
CBAR    2038    2004    2038    2039    0.0173810.13636 0.990507GGG     
CBAR    2039    2005    2039    2040    0.0173810.13636 0.990507GGG     
CBAR    2040    2006    2040    2041    0.0173810.13636 0.990507GGG     
CBAR    2041    2007    2041    2042    0.0173810.13636 0.990507GGG     
CBAR    2042    2008    2042    2043    0.0173810.13636 0.990507GGG     
CBAR    2043    2009    2043    2044    0.0173810.13636 0.990507GGG     
CBAR    2044    2010    2044    2045    0.0173810.13636 0.990507GGG     
CBAR    2045    2011    2045    2046    0.0173810.13636 0.990507GGG     
CBAR    2046    2012    2046    2047    0.0173810.13636 0.990507GGG     
CBAR    2047    2013    2047    2048    0.0173810.13636 0.990507GGG     
CBAR    2048    2014    2048    2049    0.0173800.1365350.990483GGG     
CBAR    2049    2015    2049    2050    0.0173800.1365350.990483GGG     
CBAR    2050    2016    2050    2051    0.0173800.1365350.990483GGG     
CBAR    2051    2017    2051    2052    0.0173800.1365350.990483GGG     
CBAR    2052    2018    2052    2053    0.0173800.1365350.990483GGG     
CBAR    2053    2019    2053    2054    0.0173800.1365350.990483GGG     
CBAR    2054    2020    2054    2055    0.0173800.1365350.990483GGG     
CBAR    2055    2021    2055    2056    0.0173800.1365350.990483GGG     
CBAR    2056    2022    2056    2057    0.0173800.1365350.990483GGG     
CBAR    2057    2023    2057    2058    0.0173800.1365350.990483GGG     
CBAR    2058    2024    2058    2059    0.0173800.1365210.990485GGG     
CBAR    2059    2025    2059    2060    0.0173800.1365210.990485GGG     
CBAR    2060    2026    2060    2061    0.0173800.1365210.990485GGG     
CBAR    2061    2027    2061    2062    0.0173800.1365210.990485GGG     
CBAR    2062    2028    2062    2063    0.0173800.1365210.990485GGG     
CBAR    2063    2029    2063    2064    0.0173800.1365210.990485GGG     
CBAR    2064    2030    2064    2065    0.0173800.1365210.990485GGG     
CBAR    2065    2031    2065    2066    0.0173800.1365210.990485GGG     
CBAR    2066    2032    2066    2067    0.0173800.1365210.990485GGG     
CBAR    2067    2033    2067    2068    0.0173800.1365210.990485GGG     
CBAR    3000    3000    3000    3001    0.0     -1.0    0.0     GGG     
CBAR    3001    3001    3001    3002    0.0     -1.0    0.0     GGG     
CBAR    3002    3002    3002    3003    0.0     -1.0    0.0     GGG     
CBAR    3003    3003    3003    3004    0.0     -1.0    0.0     GGG     
CBAR    3004    3004    3004    3005    0.0     -1.0    0.0     GGG     
CBAR    3005    3005    3005    3006    0.0     -1.0    0.0     GGG     
CBAR    3006    3006    3006    3007    0.0     -1.0    0.0     GGG     
CBAR    3007    3007    3007    3008    0.0     -1.0    0.0     GGG     
CBAR    3008    3008    3008    3009    0.0     -1.0    0.0     GGG     
CBAR    3009    3009    3009    3010    0.0     -1.0    0.0     GGG     
CBAR    3010    3010    3010    3011    0.0     -1.0    0.0     GGG     
CBAR    3011    3011    3011    3012    0.0     -1.0    0.0     GGG     
CBAR    3012    3012    3012    3013    0.0     -1.0    0.0     GGG     
CBAR    3013    3013    3013    3014    0.0     -1.0    0.0     GGG     
CBAR    4000    4000    4000    4001    0.0     0.0     1.0     GGG     
CBAR    4001    4001    4001    4002    0.0     0.0     1.0     GGG     
CBAR    4002    4002    4002    4003    -0.05218-0.089350.994632GGG     
CBAR    4003    4003    4003    4004    -0.05218-0.089350.994632GGG     
CBAR    4004    4004    4004    4005    -0.05218-0.089350.994632GGG     
CBAR    4005    4005    4005    4006    -0.05218-0.089350.994632GGG     
CBAR    4006    4006    4006    4007    -0.05218-0.089350.994632GGG     
CBAR    4007    4007    4007    4008    -0.05218-0.089350.994632GGG     
CBAR    4008    4008    4008    4009    -0.05217-0.088780.994683GGG     
CBAR    4009    4009    4009    4010    -0.05217-0.088780.994683GGG     
CBAR    4010    4010    4010    4011    -0.05217-0.088780.994683GGG     
CBAR    4011    4011    4011    4012    -0.05217-0.088780.994683GGG     
CBAR    4012    4012    4012    4013    -0.05217-0.088780.994683GGG     
CBAR    4013    4013    4013    4014    -0.05217-0.088780.994683GGG     
CBAR    4014    4014    4014    4015    -0.05217-0.088780.994683GGG     
CBAR    4015    4015    4015    4016    -0.05217-0.088780.994683GGG     
CBAR    4016    4016    4016    4017    -0.05217-0.088780.994683GGG     
CBAR    4017    4000    4000    4018    0.0     0.0     1.0     GGG     
CBAR    4018    4001    4018    4019    0.0     0.0     1.0     GGG     
CBAR    4019    4002    4019    4020    -0.052180.0893580.994632GGG     
CBAR    4020    4003    4020    4021    -0.052180.0893580.994632GGG     
CBAR    4021    4004    4021    4022    -0.052180.0893580.994632GGG     
CBAR    4022    4005    4022    4023    -0.052180.0893580.994632GGG     
CBAR    4023    4006    4023    4024    -0.052180.0893580.994632GGG     
CBAR    4024    4007    4024    4025    -0.052180.0893580.994632GGG     
CBAR    4025    4008    4025    4026    -0.052170.0887810.994683GGG     
CBAR    4026    4009    4026    4027    -0.052170.0887810.994683GGG     
CBAR    4027    4010    4027    4028    -0.052170.0887810.994683GGG     
CBAR    4028    4011    4028    4029    -0.052170.0887810.994683GGG     
CBAR    4029    4012    4029    4030    -0.052170.0887810.994683GGG     
CBAR    4030    4013    4030    4031    -0.052170.0887810.994683GGG     
CBAR    4031    4014    4031    4032    -0.052170.0887810.994683GGG     
CBAR    4032    4015    4032    4033    -0.052170.0887810.994683GGG     
CBAR    4033    4016    4033    4034    -0.052170.0887810.994683GGG     

$-------2-------3-------4-------5-------6-------7-------8-------9-------10
$ Aeronode definition
$-------2-------3-------4-------5-------6-------7-------8-------9-------10
GRID    10000   0       0.      0.      -0.081240       0       0       
GRID    10001   0       0.      0.      -0.081240       0       0       
GRID    10002   0       0.      0.      -0.081240       0       0       
GRID    10003   0       0.      0.      -0.081240       0       0       
GRID    10004   0       3.425   1.69493 0.2184060       0       0       
GRID    10005   0       3.425   0.      2.0826  0       0       0       
GRID    10006   0       3.425   -1.694930.2184060       0       0       
GRID    10007   0       3.425   0.      -1.645780       0       0       
GRID    10008   0       6.85    2.60282 0.5180540       0       0       
GRID    10009   0       6.85    0.      3.38079 0       0       0       
GRID    10010   0       6.85    -2.602820.5180540       0       0       
GRID    10011   0       6.85    0.      -2.344680       0       0       
GRID    10012   0       11.339  3.555   0.9107910       0       0       
GRID    10013   0       11.339  0.      4.82079 0       0       0       
GRID    10014   0       11.339  -3.555  0.9107910       0       0       
GRID    10015   0       11.339  0.      -2.999210       0       0       
GRID    10016   0       13.7    3.54867 0.9397660       0       0       
GRID    10017   0       13.7    0.      4.79828 0       0       0       
GRID    10018   0       13.7    -3.548670.9397660       0       0       
GRID    10019   0       13.7    0.      -2.918750       0       0       
GRID    10020   0       17.125  3.5395  0.9818  0       0       0       
GRID    10021   0       17.125  0.      4.76563 0       0       0       
GRID    10022   0       17.125  -3.5395 0.9818  0       0       0       
GRID    10023   0       17.125  0.      -2.802030       0       0       
GRID    10024   0       20.55   3.53032 1.02383 0       0       0       
GRID    10025   0       20.55   0.      4.73298 0       0       0       
GRID    10026   0       20.55   -3.530321.02383 0       0       0       
GRID    10027   0       20.55   0.      -2.685320       0       0       
GRID    10028   0       23.975  3.52115 1.06587 0       0       0       
GRID    10029   0       23.975  0.      4.70033 0       0       0       
GRID    10030   0       23.975  -3.521151.06587 0       0       0       
GRID    10031   0       23.975  0.      -2.5686 0       0       0       
GRID    10032   0       27.5322 3.51162 1.10952 0       0       0       
GRID    10033   0       27.5322 0.      4.66642 0       0       0       
GRID    10034   0       27.5322 -3.511621.10952 0       0       0       
GRID    10035   0       27.5322 0.      -2.447380       0       0       
GRID    10036   0       30.825  3.51138 1.02287 0       0       0       
GRID    10037   0       30.825  0.      4.57788 0       0       0       
GRID    10038   0       30.825  -3.511381.02287 0       0       0       
GRID    10039   0       30.825  0.      -2.532150       0       0       
GRID    10040   0       34.25   3.51138 0.93273 0       0       0       
GRID    10041   0       34.25   0.      4.48774 0       0       0       
GRID    10042   0       34.25   -3.511380.93273 0       0       0       
GRID    10043   0       34.25   0.      -2.622290       0       0       
GRID    10044   0       37.675  3.51138 0.8425940       0       0       
GRID    10045   0       37.675  0.      4.39761 0       0       0       
GRID    10046   0       37.675  -3.511380.8425940       0       0       
GRID    10047   0       37.675  0.      -2.712420       0       0       
GRID    10048   0       41.1    3.51138 0.7524580       0       0       
GRID    10049   0       41.1    0.      4.30747 0       0       0       
GRID    10050   0       41.1    -3.511380.7524580       0       0       
GRID    10051   0       41.1    0.      -2.802560       0       0       
GRID    10052   0       44.525  3.51138 0.6623220       0       0       
GRID    10053   0       44.525  0.      4.21734 0       0       0       
GRID    10054   0       44.525  -3.511380.6623220       0       0       
GRID    10055   0       44.525  0.      -2.892690       0       0       
GRID    10056   0       48.592  3.51138 0.5552910       0       0       
GRID    10057   0       48.592  0.      4.11031 0       0       0       
GRID    10058   0       48.592  -3.511380.5552910       0       0       
GRID    10059   0       48.592  0.      -2.999720       0       0       
GRID    10060   0       51.375  3.2215  0.6966920       0       0       
GRID    10061   0       51.375  0.      3.95822 0       0       0       
GRID    10062   0       51.375  -3.2215 0.6966920       0       0       
GRID    10063   0       51.375  0.      -2.564830       0       0       
GRID    10064   0       54.8    2.83592 0.8707120       0       0       
GRID    10065   0       54.8    0.      3.74187 0       0       0       
GRID    10066   0       54.8    -2.835920.8707120       0       0       
GRID    10067   0       54.8    0.      -2.000450       0       0       
GRID    10068   0       59.6344 2.21057 1.11634 0       0       0       
GRID    10069   0       59.6344 0.      3.35438 0       0       0       
GRID    10070   0       59.6344 -2.210571.11634 0       0       0       
GRID    10071   0       59.6344 0.      -1.121690       0       0       
GRID    10072   0       62.2279 1.81455 1.24812 0       0       0       
GRID    10073   0       62.2279 0.      3.08521 0       0       0       
GRID    10074   0       62.2279 -1.814551.24812 0       0       0       
GRID    10075   0       62.2279 0.      -0.588970       0       0       
GRID    10076   0       65.075  1.28144 1.39277 0       0       0       
GRID    10077   0       65.075  0.      2.69013 0       0       0       
GRID    10078   0       65.075  -1.281441.39277 0       0       0       
GRID    10079   0       65.075  0.      0.0954140       0       0       
GRID    10080   0       68.5    0.      1.56679 0       0       0       
GRID    10081   0       68.5    0.      1.56679 0       0       0       
GRID    10082   0       68.5    0.      1.56679 0       0       0       
GRID    10083   0       68.5    0.      1.56679 0       0       0       
RBE0    1000    1000    10000   10001   10002   10003   
RBE0    1001    1001    10004   10005   10006   10007   
RBE0    1002    1002    10008   10009   10010   10011   
RBE0    1003    1003    10012   10013   10014   10015   
RBE0    1004    1004    10016   10017   10018   10019   
RBE0    1005    1005    10020   10021   10022   10023   
RBE0    1006    1006    10024   10025   10026   10027   
RBE0    1007    1007    10028   10029   10030   10031   
RBE0    1008    1008    10032   10033   10034   10035   
RBE0    1009    1009    10036   10037   10038   10039   
RBE0    1010    1010    10040   10041   10042   10043   
RBE0    1011    1011    10044   10045   10046   10047   
RBE0    1012    1012    10048   10049   10050   10051   
RBE0    1013    1013    10052   10053   10054   10055   
RBE0    1014    1014    10056   10057   10058   10059   
RBE0    1015    1015    10060   10061   10062   10063   
RBE0    1016    1016    10064   10065   10066   10067   
RBE0    1017    1017    10068   10069   10070   10071   
RBE0    1018    1018    10072   10073   10074   10075   
RBE0    1019    1019    10076   10077   10078   10079   
RBE0    1020    1020    10080   10081   10082   10083   
GRID    20000   0       23.8248 0.      -2.3605 0       0       0       
GRID    20001   0       27.5322 0.      -2.918520       0       0       
GRID    20002   0       31.2396 0.      -2.3605 0       0       0       
GRID    20003   0       27.5322 0.      -1.802480       0       0       
GRID    20004   0       23.8248 1.77749 -2.3605 0       0       0       
GRID    20005   0       27.5322 1.77749 -2.918520       0       0       
GRID    20006   0       31.2396 1.77749 -2.3605 0       0       0       
GRID    20007   0       27.5322 1.77749 -1.802480       0       0       
GRID    20008   0       24.4884 3.55498 -2.3605 0       0       0       
GRID    20009   0       27.5322 3.55498 -2.918520       0       0       
GRID    20010   0       30.576  3.55498 -2.3605 0       0       0       
GRID    20011   0       27.5322 3.55498 -1.802480       0       0       
GRID    20012   0       25.6711 6.01093 -1.989740       0       0       
GRID    20013   0       28.0832 4.43436 -2.793760       0       0       
GRID    20014   0       30.5141 2.71065 -2.529060       0       0       
GRID    20015   0       28.102  4.28723 -1.725040       0       0       
GRID    20016   0       26.3147 6.76004 -1.897910       0       0       
GRID    20017   0       28.6439 5.23764 -2.6743 0       0       0       
GRID    20018   0       30.9912 3.57316 -2.4187 0       0       0       
GRID    20019   0       28.662  5.09556 -1.6423 0       0       0       
GRID    20020   0       26.9583 7.50914 -1.806070       0       0       
GRID    20021   0       29.2046 6.04092 -2.554840       0       0       
GRID    20022   0       31.4684 4.43567 -2.308330       0       0       
GRID    20023   0       29.2221 5.9039  -1.559570       0       0       
GRID    20024   0       27.6019 8.25825 -1.714240       0       0       
GRID    20025   0       29.7653 6.8442  -2.435380       0       0       
GRID    20026   0       31.9456 5.29818 -2.197970       0       0       
GRID    20027   0       29.7822 6.71224 -1.476830       0       0       
GRID    20028   0       28.2455 9.00735 -1.622410       0       0       
GRID    20029   0       30.3261 7.64748 -2.315920       0       0       
GRID    20030   0       32.4228 6.16069 -2.0876 0       0       0       
GRID    20031   0       30.3422 7.52057 -1.394090       0       0       
GRID    20032   0       28.8891 9.75646 -1.530580       0       0       
GRID    20033   0       30.8868 8.45076 -2.196460       0       0       
GRID    20034   0       32.9    7.0232  -1.977240       0       0       
GRID    20035   0       30.9023 8.32891 -1.311360       0       0       
GRID    20036   0       29.5327 10.5056 -1.438740       0       0       
GRID    20037   0       31.4475 9.25404 -2.077  0       0       0       
GRID    20038   0       33.3771 7.88572 -1.866870       0       0       
GRID    20039   0       31.4624 9.13724 -1.228620       0       0       
GRID    20040   0       30.1763 11.2547 -1.346910       0       0       
GRID    20041   0       32.0082 10.0573 -1.957540       0       0       
GRID    20042   0       33.8543 8.74823 -1.756510       0       0       
GRID    20043   0       32.0224 9.94558 -1.145880       0       0       
GRID    20044   0       30.8199 12.0038 -1.255080       0       0       
GRID    20045   0       32.5689 10.8606 -1.838080       0       0       
GRID    20046   0       34.3315 9.61074 -1.646140       0       0       
GRID    20047   0       32.5825 10.7539 -1.063150       0       0       
GRID    20048   0       31.4635 12.7529 -1.163250       0       0       
GRID    20049   0       33.1296 11.6639 -1.718610       0       0       
GRID    20050   0       34.8087 10.4732 -1.535780       0       0       
GRID    20051   0       33.1426 11.5623 -0.980400       0       0       
GRID    20052   0       32.1071 13.502  -1.071410       0       0       
GRID    20053   0       33.6903 12.4672 -1.599150       0       0       
GRID    20054   0       35.2859 11.3358 -1.425410       0       0       
GRID    20055   0       33.7026 12.3706 -0.897670       0       0       
GRID    20056   0       32.7507 14.2511 -0.979580       0       0       
GRID    20057   0       34.251  13.2704 -1.479690       0       0       
GRID    20058   0       35.763  12.1983 -1.315050       0       0       
GRID    20059   0       34.2627 13.1789 -0.814930       0       0       
GRID    20060   0       33.5348 15.0661 -0.880810       0       0       
GRID    20061   0       34.8815 14.08   -1.369160       0       0       
GRID    20062   0       36.2394 13.005  -1.212380       0       0       
GRID    20063   0       34.8928 13.9911 -0.724030       0       0       
GRID    20064   0       34.2063 15.8456 -0.785130       0       0       
GRID    20065   0       35.5119 14.8895 -1.258630       0       0       
GRID    20066   0       36.8286 13.8472 -1.106630       0       0       
GRID    20067   0       35.5229 14.8033 -0.633130       0       0       
GRID    20068   0       34.8777 16.6251 -0.689460       0       0       
GRID    20069   0       36.1424 15.6991 -1.1481 0       0       0       
GRID    20070   0       37.4177 14.6894 -1.000870       0       0       
GRID    20071   0       36.153  15.6155 -0.542230       0       0       
GRID    20072   0       35.5491 17.4047 -0.593790       0       0       
GRID    20073   0       36.7729 16.5086 -1.037570       0       0       
GRID    20074   0       38.0069 15.5317 -0.895100       0       0       
GRID    20075   0       36.7832 16.4278 -0.451330       0       0       
GRID    20076   0       36.2206 18.1842 -0.498120       0       0       
GRID    20077   0       37.4033 17.3181 -0.927040       0       0       
GRID    20078   0       38.596  16.3739 -0.789340       0       0       
GRID    20079   0       37.4133 17.24   -0.360420       0       0       
GRID    20080   0       36.892  18.9637 -0.402450       0       0       
GRID    20081   0       38.0338 18.1276 -0.816510       0       0       
GRID    20082   0       39.1852 17.2161 -0.683580       0       0       
GRID    20083   0       38.0434 18.0522 -0.269520       0       0       
GRID    20084   0       37.5634 19.7432 -0.306770       0       0       
GRID    20085   0       38.6643 18.9371 -0.705980       0       0       
GRID    20086   0       39.7743 18.0583 -0.577820       0       0       
GRID    20087   0       38.6735 18.8644 -0.178620       0       0       
GRID    20088   0       38.2348 20.5227 -0.211100       0       0       
GRID    20089   0       39.2947 19.7466 -0.595450       0       0       
GRID    20090   0       40.3635 18.9006 -0.472070       0       0       
GRID    20091   0       39.3036 19.6767 -0.087710       0       0       
GRID    20092   0       38.9063 21.3023 -0.115430       0       0       
GRID    20093   0       39.9252 20.5562 -0.484920       0       0       
GRID    20094   0       40.9526 19.7428 -0.366310       0       0       
GRID    20095   0       39.9337 20.4889 0.0031830       0       0       
GRID    20096   0       39.5777 22.0818 -0.019760       0       0       
GRID    20097   0       40.5556 21.3657 -0.374390       0       0       
GRID    20098   0       41.5418 20.585  -0.260550       0       0       
GRID    20099   0       40.5639 21.3011 0.0940860       0       0       
GRID    20100   0       40.2614 22.8777 0.0779280       0       0       
GRID    20101   0       41.1985 22.1929 -0.261330       0       0       
GRID    20102   0       42.1435 21.4464 -0.152370       0       0       
GRID    20103   0       41.2064 22.1311 0.1868910       0       0       
GRID    20104   0       40.9467 23.6739 0.1756560       0       0       
GRID    20105   0       41.8415 23.0201 -0.148270       0       0       
GRID    20106   0       42.7437 22.3074 -0.044230       0       0       
GRID    20107   0       41.849  22.9611 0.2796940       0       0       
GRID    20108   0       41.6319 24.4702 0.2733850       0       0       
GRID    20109   0       42.4844 23.8474 -0.035210       0       0       
GRID    20110   0       43.3439 23.1683 0.0639000       0       0       
GRID    20111   0       42.4915 23.7912 0.3724980       0       0       
GRID    20112   0       42.3172 25.2665 0.3711130       0       0       
GRID    20113   0       43.1273 24.6746 0.0778500       0       0       
GRID    20114   0       43.9441 24.0293 0.1720380       0       0       
GRID    20115   0       43.1341 24.6212 0.4653010       0       0       
GRID    20116   0       43.0025 26.0628 0.4688420       0       0       
GRID    20117   0       43.7702 25.5018 0.1909130       0       0       
GRID    20118   0       44.5443 24.8903 0.2801760       0       0       
GRID    20119   0       43.7766 25.4512 0.5581050       0       0       
GRID    20120   0       43.6877 26.8591 0.56657 0       0       0       
GRID    20121   0       44.4131 26.3291 0.3039750       0       0       
GRID    20122   0       45.1445 25.7512 0.3883130       0       0       
GRID    20123   0       44.4192 26.2812 0.6509080       0       0       
GRID    20124   0       44.373  27.6553 0.6642990       0       0       
GRID    20125   0       45.056  27.1563 0.4170380       0       0       
GRID    20126   0       45.7447 26.6122 0.4964510       0       0       
GRID    20127   0       45.0617 27.1113 0.7437120       0       0       
GRID    20128   0       45.0583 28.4516 0.7620270       0       0       
GRID    20129   0       45.6989 27.9835 0.5301  0       0       0       
GRID    20130   0       46.3449 27.4732 0.6045880       0       0       
GRID    20131   0       45.7043 27.9413 0.8365160       0       0       
GRID    20132   0       45.7435 29.2479 0.8597550       0       0       
GRID    20133   0       46.3418 28.8107 0.6431620       0       0       
GRID    20134   0       46.9451 28.3342 0.7127260       0       0       
GRID    20135   0       46.3468 28.7713 0.9293190       0       0       
GRID    20136   0       46.0954 29.6178 0.9046220       0       0       
GRID    20137   0       46.9847 29.636  0.7559680       0       0       
GRID    20138   0       47.8787 29.6216 0.8737260       0       0       
GRID    20139   0       46.9894 29.6033 1.02238 0       0       0       
RBE0    2000    2000    20000   20001   20002   20003   
RBE0    2001    2001    20004   20005   20006   20007   
RBE0    2002    2002    20008   20009   20010   20011   
RBE0    2003    2003    20012   20013   20014   20015   
RBE0    2004    2004    20016   20017   20018   20019   
RBE0    2005    2005    20020   20021   20022   20023   
RBE0    2006    2006    20024   20025   20026   20027   
RBE0    2007    2007    20028   20029   20030   20031   
RBE0    2008    2008    20032   20033   20034   20035   
RBE0    2009    2009    20036   20037   20038   20039   
RBE0    2010    2010    20040   20041   20042   20043   
RBE0    2011    2011    20044   20045   20046   20047   
RBE0    2012    2012    20048   20049   20050   20051   
RBE0    2013    2013    20052   20053   20054   20055   
RBE0    2014    2014    20056   20057   20058   20059   
RBE0    2015    2015    20060   20061   20062   20063   
RBE0    2016    2016    20064   20065   20066   20067   
RBE0    2017    2017    20068   20069   20070   20071   
RBE0    2018    2018    20072   20073   20074   20075   
RBE0    2019    2019    20076   20077   20078   20079   
RBE0    2020    2020    20080   20081   20082   20083   
RBE0    2021    2021    20084   20085   20086   20087   
RBE0    2022    2022    20088   20089   20090   20091   
RBE0    2023    2023    20092   20093   20094   20095   
RBE0    2024    2024    20096   20097   20098   20099   
RBE0    2025    2025    20100   20101   20102   20103   
RBE0    2026    2026    20104   20105   20106   20107   
RBE0    2027    2027    20108   20109   20110   20111   
RBE0    2028    2028    20112   20113   20114   20115   
RBE0    2029    2029    20116   20117   20118   20119   
RBE0    2030    2030    20120   20121   20122   20123   
RBE0    2031    2031    20124   20125   20126   20127   
RBE0    2032    2032    20128   20129   20130   20131   
RBE0    2033    2033    20132   20133   20134   20135   
RBE0    2034    2034    20136   20137   20138   20139   
GRID    20140   0       23.8248 -1.77749-2.3605 0       0       0       
GRID    20141   0       27.5322 -1.77749-2.918520       0       0       
GRID    20142   0       31.2396 -1.77749-2.3605 0       0       0       
GRID    20143   0       27.5322 -1.77749-1.802480       0       0       
GRID    20144   0       24.4884 -3.55498-2.3605 0       0       0       
GRID    20145   0       27.5322 -3.55498-2.918520       0       0       
GRID    20146   0       30.576  -3.55498-2.3605 0       0       0       
GRID    20147   0       27.5322 -3.55498-1.802480       0       0       
GRID    20148   0       25.6711 -6.01093-1.989740       0       0       
GRID    20149   0       28.0832 -4.43436-2.793760       0       0       
GRID    20150   0       30.5141 -2.71065-2.529060       0       0       
GRID    20151   0       28.102  -4.28723-1.725040       0       0       
GRID    20152   0       26.3147 -6.76004-1.897910       0       0       
GRID    20153   0       28.6439 -5.23764-2.6743 0       0       0       
GRID    20154   0       30.9912 -3.57316-2.4187 0       0       0       
GRID    20155   0       28.662  -5.09556-1.6423 0       0       0       
GRID    20156   0       26.9583 -7.50914-1.806070       0       0       
GRID    20157   0       29.2046 -6.04092-2.554840       0       0       
GRID    20158   0       31.4684 -4.43567-2.308330       0       0       
GRID    20159   0       29.2221 -5.9039 -1.559570       0       0       
GRID    20160   0       27.6019 -8.25825-1.714240       0       0       
GRID    20161   0       29.7653 -6.8442 -2.435380       0       0       
GRID    20162   0       31.9456 -5.29818-2.197970       0       0       
GRID    20163   0       29.7822 -6.71224-1.476830       0       0       
GRID    20164   0       28.2455 -9.00735-1.622410       0       0       
GRID    20165   0       30.3261 -7.64748-2.315920       0       0       
GRID    20166   0       32.4228 -6.16069-2.0876 0       0       0       
GRID    20167   0       30.3422 -7.52057-1.394090       0       0       
GRID    20168   0       28.8891 -9.75646-1.530580       0       0       
GRID    20169   0       30.8868 -8.45076-2.196460       0       0       
GRID    20170   0       32.9    -7.0232 -1.977240       0       0       
GRID    20171   0       30.9023 -8.32891-1.311360       0       0       
GRID    20172   0       29.5327 -10.5056-1.438740       0       0       
GRID    20173   0       31.4475 -9.25404-2.077  0       0       0       
GRID    20174   0       33.3771 -7.88572-1.866870       0       0       
GRID    20175   0       31.4624 -9.13724-1.228620       0       0       
GRID    20176   0       30.1763 -11.2547-1.346910       0       0       
GRID    20177   0       32.0082 -10.0573-1.957540       0       0       
GRID    20178   0       33.8543 -8.74823-1.756510       0       0       
GRID    20179   0       32.0224 -9.94558-1.145880       0       0       
GRID    20180   0       30.8199 -12.0038-1.255080       0       0       
GRID    20181   0       32.5689 -10.8606-1.838080       0       0       
GRID    20182   0       34.3315 -9.61074-1.646140       0       0       
GRID    20183   0       32.5825 -10.7539-1.063150       0       0       
GRID    20184   0       31.4635 -12.7529-1.163250       0       0       
GRID    20185   0       33.1296 -11.6639-1.718610       0       0       
GRID    20186   0       34.8087 -10.4732-1.535780       0       0       
GRID    20187   0       33.1426 -11.5623-0.980400       0       0       
GRID    20188   0       32.1071 -13.502 -1.071410       0       0       
GRID    20189   0       33.6903 -12.4672-1.599150       0       0       
GRID    20190   0       35.2859 -11.3358-1.425410       0       0       
GRID    20191   0       33.7026 -12.3706-0.897670       0       0       
GRID    20192   0       32.7507 -14.2511-0.979580       0       0       
GRID    20193   0       34.251  -13.2704-1.479690       0       0       
GRID    20194   0       35.763  -12.1983-1.315050       0       0       
GRID    20195   0       34.2627 -13.1789-0.814930       0       0       
GRID    20196   0       33.5348 -15.0661-0.880810       0       0       
GRID    20197   0       34.8815 -14.08  -1.369160       0       0       
GRID    20198   0       36.2394 -13.005 -1.212380       0       0       
GRID    20199   0       34.8928 -13.9911-0.724030       0       0       
GRID    20200   0       34.2063 -15.8456-0.785130       0       0       
GRID    20201   0       35.5119 -14.8895-1.258630       0       0       
GRID    20202   0       36.8286 -13.8472-1.106630       0       0       
GRID    20203   0       35.5229 -14.8033-0.633130       0       0       
GRID    20204   0       34.8777 -16.6251-0.689460       0       0       
GRID    20205   0       36.1424 -15.6991-1.1481 0       0       0       
GRID    20206   0       37.4177 -14.6894-1.000870       0       0       
GRID    20207   0       36.153  -15.6155-0.542230       0       0       
GRID    20208   0       35.5491 -17.4047-0.593790       0       0       
GRID    20209   0       36.7729 -16.5086-1.037570       0       0       
GRID    20210   0       38.0069 -15.5317-0.895100       0       0       
GRID    20211   0       36.7832 -16.4278-0.451330       0       0       
GRID    20212   0       36.2206 -18.1842-0.498120       0       0       
GRID    20213   0       37.4033 -17.3181-0.927040       0       0       
GRID    20214   0       38.596  -16.3739-0.789340       0       0       
GRID    20215   0       37.4133 -17.24  -0.360420       0       0       
GRID    20216   0       36.892  -18.9637-0.402450       0       0       
GRID    20217   0       38.0338 -18.1276-0.816510       0       0       
GRID    20218   0       39.1852 -17.2161-0.683580       0       0       
GRID    20219   0       38.0434 -18.0522-0.269520       0       0       
GRID    20220   0       37.5634 -19.7432-0.306770       0       0       
GRID    20221   0       38.6643 -18.9371-0.705980       0       0       
GRID    20222   0       39.7743 -18.0583-0.577820       0       0       
GRID    20223   0       38.6735 -18.8644-0.178620       0       0       
GRID    20224   0       38.2348 -20.5227-0.211100       0       0       
GRID    20225   0       39.2947 -19.7466-0.595450       0       0       
GRID    20226   0       40.3635 -18.9006-0.472070       0       0       
GRID    20227   0       39.3036 -19.6767-0.087710       0       0       
GRID    20228   0       38.9063 -21.3023-0.115430       0       0       
GRID    20229   0       39.9252 -20.5562-0.484920       0       0       
GRID    20230   0       40.9526 -19.7428-0.366310       0       0       
GRID    20231   0       39.9337 -20.48890.0031830       0       0       
GRID    20232   0       39.5777 -22.0818-0.019760       0       0       
GRID    20233   0       40.5556 -21.3657-0.374390       0       0       
GRID    20234   0       41.5418 -20.585 -0.260550       0       0       
GRID    20235   0       40.5639 -21.30110.0940860       0       0       
GRID    20236   0       40.2614 -22.87770.0779280       0       0       
GRID    20237   0       41.1985 -22.1929-0.261330       0       0       
GRID    20238   0       42.1435 -21.4464-0.152370       0       0       
GRID    20239   0       41.2064 -22.13110.1868910       0       0       
GRID    20240   0       40.9467 -23.67390.1756560       0       0       
GRID    20241   0       41.8415 -23.0201-0.148270       0       0       
GRID    20242   0       42.7437 -22.3074-0.044230       0       0       
GRID    20243   0       41.849  -22.96110.2796940       0       0       
GRID    20244   0       41.6319 -24.47020.2733850       0       0       
GRID    20245   0       42.4844 -23.8474-0.035210       0       0       
GRID    20246   0       43.3439 -23.16830.0639000       0       0       
GRID    20247   0       42.4915 -23.79120.3724980       0       0       
GRID    20248   0       42.3172 -25.26650.3711130       0       0       
GRID    20249   0       43.1273 -24.67460.0778500       0       0       
GRID    20250   0       43.9441 -24.02930.1720380       0       0       
GRID    20251   0       43.1341 -24.62120.4653010       0       0       
GRID    20252   0       43.0025 -26.06280.4688420       0       0       
GRID    20253   0       43.7702 -25.50180.1909130       0       0       
GRID    20254   0       44.5443 -24.89030.2801760       0       0       
GRID    20255   0       43.7766 -25.45120.5581050       0       0       
GRID    20256   0       43.6877 -26.85910.56657 0       0       0       
GRID    20257   0       44.4131 -26.32910.3039750       0       0       
GRID    20258   0       45.1445 -25.75120.3883130       0       0       
GRID    20259   0       44.4192 -26.28120.6509080       0       0       
GRID    20260   0       44.373  -27.65530.6642990       0       0       
GRID    20261   0       45.056  -27.15630.4170380       0       0       
GRID    20262   0       45.7447 -26.61220.4964510       0       0       
GRID    20263   0       45.0617 -27.11130.7437120       0       0       
GRID    20264   0       45.0583 -28.45160.7620270       0       0       
GRID    20265   0       45.6989 -27.98350.5301  0       0       0       
GRID    20266   0       46.3449 -27.47320.6045880       0       0       
GRID    20267   0       45.7043 -27.94130.8365160       0       0       
GRID    20268   0       45.7435 -29.24790.8597550       0       0       
GRID    20269   0       46.3418 -28.81070.6431620       0       0       
GRID    20270   0       46.9451 -28.33420.7127260       0       0       
GRID    20271   0       46.3468 -28.77130.9293190       0       0       
GRID    20272   0       46.0954 -29.61780.9046220       0       0       
GRID    20273   0       46.9847 -29.636 0.7559680       0       0       
GRID    20274   0       47.8787 -29.62160.8737260       0       0       
GRID    20275   0       46.9894 -29.60331.02238 0       0       0       
RBE0    2035    2035    20140   20141   20142   20143   
RBE0    2036    2036    20144   20145   20146   20147   
RBE0    2037    2037    20148   20149   20150   20151   
RBE0    2038    2038    20152   20153   20154   20155   
RBE0    2039    2039    20156   20157   20158   20159   
RBE0    2040    2040    20160   20161   20162   20163   
RBE0    2041    2041    20164   20165   20166   20167   
RBE0    2042    2042    20168   20169   20170   20171   
RBE0    2043    2043    20172   20173   20174   20175   
RBE0    2044    2044    20176   20177   20178   20179   
RBE0    2045    2045    20180   20181   20182   20183   
RBE0    2046    2046    20184   20185   20186   20187   
RBE0    2047    2047    20188   20189   20190   20191   
RBE0    2048    2048    20192   20193   20194   20195   
RBE0    2049    2049    20196   20197   20198   20199   
RBE0    2050    2050    20200   20201   20202   20203   
RBE0    2051    2051    20204   20205   20206   20207   
RBE0    2052    2052    20208   20209   20210   20211   
RBE0    2053    2053    20212   20213   20214   20215   
RBE0    2054    2054    20216   20217   20218   20219   
RBE0    2055    2055    20220   20221   20222   20223   
RBE0    2056    2056    20224   20225   20226   20227   
RBE0    2057    2057    20228   20229   20230   20231   
RBE0    2058    2058    20232   20233   20234   20235   
RBE0    2059    2059    20236   20237   20238   20239   
RBE0    2060    2060    20240   20241   20242   20243   
RBE0    2061    2061    20244   20245   20246   20247   
RBE0    2062    2062    20248   20249   20250   20251   
RBE0    2063    2063    20252   20253   20254   20255   
RBE0    2064    2064    20256   20257   20258   20259   
RBE0    2065    2065    20260   20261   20262   20263   
RBE0    2066    2066    20264   20265   20266   20267   
RBE0    2067    2067    20268   20269   20270   20271   
RBE0    2068    2068    20272   20273   20274   20275   
GRID    30000   0       57.2378 0.      2.844   0       0       0       
GRID    30001   0       59.6344 -0.568732.844   0       0       0       
GRID    30002   0       62.031  0.      2.844   0       0       0       
GRID    30003   0       59.6344 0.5687362.844   0       0       0       
GRID    30004   0       58.6334 0.      5.11144 0       0       0       
GRID    30005   0       60.3041 0.5394863.56971 0       0       0       
GRID    30006   0       61.9748 0.      2.02799 0       0       0       
GRID    30007   0       60.3041 -0.539483.56971 0       0       0       
GRID    30008   0       59.3936 0.      5.75356 0       0       0       
GRID    30009   0       60.9738 0.5102374.29543 0       0       0       
GRID    30010   0       62.5539 0.      2.83729 0       0       0       
GRID    30011   0       60.9738 -0.510234.29543 0       0       0       
GRID    30012   0       60.1539 0.      6.39569 0       0       0       
GRID    30013   0       61.6434 0.4809885.02114 0       0       0       
GRID    30014   0       63.133  0.      3.6466  0       0       0       
GRID    30015   0       61.6434 -0.480985.02114 0       0       0       
GRID    30016   0       60.9141 0.      7.03782 0       0       0       
GRID    30017   0       62.3131 0.4517395.74686 0       0       0       
GRID    30018   0       63.7121 0.      4.4559  0       0       0       
GRID    30019   0       62.3131 -0.451735.74686 0       0       0       
GRID    30020   0       61.6744 0.      7.67994 0       0       0       
GRID    30021   0       62.9828 0.4224896.47257 0       0       0       
GRID    30022   0       64.2912 0.      5.2652  0       0       0       
GRID    30023   0       62.9828 -0.422486.47257 0       0       0       
GRID    30024   0       62.4346 0.      8.32207 0       0       0       
GRID    30025   0       63.6525 0.39324 7.19829 0       0       0       
GRID    30026   0       64.8703 0.      6.0745  0       0       0       
GRID    30027   0       63.6525 -0.393247.19829 0       0       0       
GRID    30028   0       63.1949 0.      8.9642  0       0       0       
GRID    30029   0       64.3221 0.3639917.924   0       0       0       
GRID    30030   0       65.4494 0.      6.8838  0       0       0       
GRID    30031   0       64.3221 -0.363997.924   0       0       0       
GRID    30032   0       63.9552 0.      9.60633 0       0       0       
GRID    30033   0       64.9918 0.3347428.64971 0       0       0       
GRID    30034   0       66.0285 0.      7.6931  0       0       0       
GRID    30035   0       64.9918 -0.334748.64971 0       0       0       
GRID    30036   0       64.7154 0.      10.2485 0       0       0       
GRID    30037   0       65.6615 0.3054929.37543 0       0       0       
GRID    30038   0       66.6076 0.      8.50241 0       0       0       
GRID    30039   0       65.6615 -0.305499.37543 0       0       0       
GRID    30040   0       65.4757 0.      10.8906 0       0       0       
GRID    30041   0       66.3312 0.27624310.1011 0       0       0       
GRID    30042   0       67.1867 0.      9.31171 0       0       0       
GRID    30043   0       66.3312 -0.2762410.1011 0       0       0       
GRID    30044   0       66.2359 0.      11.5327 0       0       0       
GRID    30045   0       67.0009 0.24699410.8269 0       0       0       
GRID    30046   0       67.7658 0.      10.121  0       0       0       
GRID    30047   0       67.0009 -0.2469910.8269 0       0       0       
GRID    30048   0       66.9962 0.      12.1748 0       0       0       
GRID    30049   0       67.6705 0.21774411.5526 0       0       0       
GRID    30050   0       68.3449 0.      10.9303 0       0       0       
GRID    30051   0       67.6705 -0.2177411.5526 0       0       0       
GRID    30052   0       67.7565 0.      12.817  0       0       0       
GRID    30053   0       68.3402 0.18849512.2783 0       0       0       
GRID    30054   0       68.924  0.      11.7396 0       0       0       
GRID    30055   0       68.3402 -0.1884912.2783 0       0       0       
GRID    30056   0       68.3388 0.      13.004  0       0       0       
GRID    30057   0       69.0099 -0.1592413.004  0       0       0       
GRID    30058   0       69.6809 0.      13.004  0       0       0       
GRID    30059   0       69.0099 0.15924613.004  0       0       0       
RBE0    3000    3000    30000   30001   30002   30003   
RBE0    3001    3001    30004   30005   30006   30007   
RBE0    3002    3002    30008   30009   30010   30011   
RBE0    3003    3003    30012   30013   30014   30015   
RBE0    3004    3004    30016   30017   30018   30019   
RBE0    3005    3005    30020   30021   30022   30023   
RBE0    3006    3006    30024   30025   30026   30027   
RBE0    3007    3007    30028   30029   30030   30031   
RBE0    3008    3008    30032   30033   30034   30035   
RBE0    3009    3009    30036   30037   30038   30039   
RBE0    3010    3010    30040   30041   30042   30043   
RBE0    3011    3011    30044   30045   30046   30047   
RBE0    3012    3012    30048   30049   30050   30051   
RBE0    3013    3013    30052   30053   30054   30055   
RBE0    3014    3014    30056   30057   30058   30059   
GRID    40000   0       60.0924 0.      1.0665  0       0       0       
GRID    40001   0       62.2279 0.      0.6375070       0       0       
GRID    40002   0       64.3634 0.      1.0665  0       0       0       
GRID    40003   0       62.2279 0.      1.49549 0       0       0       
GRID    40004   0       60.0924 0.9281541.0665  0       0       0       
GRID    40005   0       62.2279 0.9281540.6375070       0       0       
GRID    40006   0       64.3634 0.9281541.0665  0       0       0       
GRID    40007   0       62.2279 0.9281541.49549 0       0       0       
GRID    40008   0       60.3992 1.85631 1.0665  0       0       0       
GRID    40009   0       62.2279 1.85631 0.6375070       0       0       
GRID    40010   0       64.0566 1.85631 1.0665  0       0       0       
GRID    40011   0       62.2279 1.85631 1.49549 0       0       0       
GRID    40012   0       61.1007 3.35779 1.14226 0       0       0       
GRID    40013   0       62.6127 2.49558 0.7335730       0       0       
GRID    40014   0       64.0821 1.5604  1.1372  0       0       0       
GRID    40015   0       62.5701 2.42261 1.54588 0       0       0       
GRID    40016   0       61.5396 3.91513 1.21536 0       0       0       
GRID    40017   0       62.9752 3.09653 0.8273360       0       0       
GRID    40018   0       64.3703 2.20863 1.21055 0       0       0       
GRID    40019   0       62.9347 3.02724 1.59857 0       0       0       
GRID    40020   0       61.9785 4.47248 1.28845 0       0       0       
GRID    40021   0       63.3376 3.69747 0.9210990       0       0       
GRID    40022   0       64.6584 2.85686 1.2839  0       0       0       
GRID    40023   0       63.2993 3.63187 1.65126 0       0       0       
GRID    40024   0       62.4174 5.02982 1.36155 0       0       0       
GRID    40025   0       63.7001 4.29841 1.01486 0       0       0       
GRID    40026   0       64.9466 3.50509 1.35726 0       0       0       
GRID    40027   0       63.6639 4.2365  1.70395 0       0       0       
GRID    40028   0       62.8563 5.58717 1.43465 0       0       0       
GRID    40029   0       64.0625 4.89935 1.10863 0       0       0       
GRID    40030   0       65.2347 4.15331 1.43061 0       0       0       
GRID    40031   0       64.0285 4.84113 1.75664 0       0       0       
GRID    40032   0       63.2952 6.14451 1.50775 0       0       0       
GRID    40033   0       64.425  5.50029 1.20239 0       0       0       
GRID    40034   0       65.5229 4.80154 1.50397 0       0       0       
GRID    40035   0       64.3931 5.44576 1.80933 0       0       0       
GRID    40036   0       63.7593 6.7167  1.58278 0       0       0       
GRID    40037   0       64.8006 6.10495 1.29558 0       0       0       
GRID    40038   0       65.8122 5.44248 1.57674 0       0       0       
GRID    40039   0       64.7708 6.05422 1.86393 0       0       0       
GRID    40040   0       64.2057 7.27998 1.65647 0       0       0       
GRID    40041   0       65.1763 6.70979 1.38879 0       0       0       
GRID    40042   0       66.1192 6.09233 1.65084 0       0       0       
GRID    40043   0       65.1485 6.66251 1.91853 0       0       0       
GRID    40044   0       64.6521 7.84325 1.73017 0       0       0       
GRID    40045   0       65.552  7.31463 1.482   0       0       0       
GRID    40046   0       66.4261 6.74218 1.72495 0       0       0       
GRID    40047   0       65.5262 7.2708  1.97312 0       0       0       
GRID    40048   0       65.0986 8.40653 1.80386 0       0       0       
GRID    40049   0       65.9277 7.91947 1.5752  0       0       0       
GRID    40050   0       66.7331 7.39203 1.79905 0       0       0       
GRID    40051   0       65.904  7.87908 2.02771 0       0       0       
GRID    40052   0       65.545  8.96981 1.87756 0       0       0       
GRID    40053   0       66.3034 8.52431 1.66841 0       0       0       
GRID    40054   0       67.04   8.04188 1.87316 0       0       0       
GRID    40055   0       66.2817 8.48737 2.0823  0       0       0       
GRID    40056   0       65.9914 9.53308 1.95125 0       0       0       
GRID    40057   0       66.6791 9.12915 1.76162 0       0       0       
GRID    40058   0       67.347  8.69173 1.94726 0       0       0       
GRID    40059   0       66.6594 9.09566 2.1369  0       0       0       
GRID    40060   0       66.4379 10.0964 2.02495 0       0       0       
GRID    40061   0       67.0547 9.73399 1.85483 0       0       0       
GRID    40062   0       67.6539 9.34158 2.02137 0       0       0       
GRID    40063   0       67.0371 9.70394 2.19149 0       0       0       
GRID    40064   0       66.8843 10.6596 2.09864 0       0       0       
GRID    40065   0       67.4304 10.3388 1.94803 0       0       0       
GRID    40066   0       67.9609 9.99143 2.09547 0       0       0       
GRID    40067   0       67.4148 10.3122 2.24608 0       0       0       
GRID    40068   0       67.151  10.9364 2.13725 0       0       0       
GRID    40069   0       67.8061 10.9485 2.04176 0       0       0       
GRID    40070   0       68.4476 10.9278 2.20466 0       0       0       
GRID    40071   0       67.7925 10.9157 2.30015 0       0       0       
RBE0    4000    4000    40000   40001   40002   40003   
RBE0    4001    4001    40004   40005   40006   40007   
RBE0    4002    4002    40008   40009   40010   40011   
RBE0    4003    4003    40012   40013   40014   40015   
RBE0    4004    4004    40016   40017   40018   40019   
RBE0    4005    4005    40020   40021   40022   40023   
RBE0    4006    4006    40024   40025   40026   40027   
RBE0    4007    4007    40028   40029   40030   40031   
RBE0    4008    4008    40032   40033   40034   40035   
RBE0    4009    4009    40036   40037   40038   40039   
RBE0    4010    4010    40040   40041   40042   40043   
RBE0    4011    4011    40044   40045   40046   40047   
RBE0    4012    4012    40048   40049   40050   40051   
RBE0    4013    4013    40052   40053   40054   40055   
RBE0    4014    4014    40056   40057   40058   40059   
RBE0    4015    4015    40060   40061   40062   40063   
RBE0    4016    4016    40064   40065   40066   40067   
RBE0    4017    4017    40068   40069   40070   40071   
GRID    40072   0       60.0924 -0.928151.0665  0       0       0       
GRID    40073   0       62.2279 -0.928150.6375070       0       0       
GRID    40074   0       64.3634 -0.928151.0665  0       0       0       
GRID    40075   0       62.2279 -0.928151.49549 0       0       0       
GRID    40076   0       60.3992 -1.856311.0665  0       0       0       
GRID    40077   0       62.2279 -1.856310.6375070       0       0       
GRID    40078   0       64.0566 -1.856311.0665  0       0       0       
GRID    40079   0       62.2279 -1.856311.49549 0       0       0       
GRID    40080   0       61.1007 -3.357791.14226 0       0       0       
GRID    40081   0       62.6127 -2.495580.7335730       0       0       
GRID    40082   0       64.0821 -1.5604 1.1372  0       0       0       
GRID    40083   0       62.5701 -2.422611.54588 0       0       0       
GRID    40084   0       61.5396 -3.915131.21536 0       0       0       
GRID    40085   0       62.9752 -3.096530.8273360       0       0       
GRID    40086   0       64.3703 -2.208631.21055 0       0       0       
GRID    40087   0       62.9347 -3.027241.59857 0       0       0       
GRID    40088   0       61.9785 -4.472481.28845 0       0       0       
GRID    40089   0       63.3376 -3.697470.9210990       0       0       
GRID    40090   0       64.6584 -2.856861.2839  0       0       0       
GRID    40091   0       63.2993 -3.631871.65126 0       0       0       
GRID    40092   0       62.4174 -5.029821.36155 0       0       0       
GRID    40093   0       63.7001 -4.298411.01486 0       0       0       
GRID    40094   0       64.9466 -3.505091.35726 0       0       0       
GRID    40095   0       63.6639 -4.2365 1.70395 0       0       0       
GRID    40096   0       62.8563 -5.587171.43465 0       0       0       
GRID    40097   0       64.0625 -4.899351.10863 0       0       0       
GRID    40098   0       65.2347 -4.153311.43061 0       0       0       
GRID    40099   0       64.0285 -4.841131.75664 0       0       0       
GRID    40100   0       63.2952 -6.144511.50775 0       0       0       
GRID    40101   0       64.425  -5.500291.20239 0       0       0       
GRID    40102   0       65.5229 -4.801541.50397 0       0       0       
GRID    40103   0       64.3931 -5.445761.80933 0       0       0       
GRID    40104   0       63.7593 -6.7167 1.58278 0       0       0       
GRID    40105   0       64.8006 -6.104951.29558 0       0       0       
GRID    40106   0       65.8122 -5.442481.57674 0       0       0       
GRID    40107   0       64.7708 -6.054221.86393 0       0       0       
GRID    40108   0       64.2057 -7.279981.65647 0       0       0       
GRID    40109   0       65.1763 -6.709791.38879 0       0       0       
GRID    40110   0       66.1192 -6.092331.65084 0       0       0       
GRID    40111   0       65.1485 -6.662511.91853 0       0       0       
GRID    40112   0       64.6521 -7.843251.73017 0       0       0       
GRID    40113   0       65.552  -7.314631.482   0       0       0       
GRID    40114   0       66.4261 -6.742181.72495 0       0       0       
GRID    40115   0       65.5262 -7.2708 1.97312 0       0       0       
GRID    40116   0       65.0986 -8.406531.80386 0       0       0       
GRID    40117   0       65.9277 -7.919471.5752  0       0       0       
GRID    40118   0       66.7331 -7.392031.79905 0       0       0       
GRID    40119   0       65.904  -7.879082.02771 0       0       0       
GRID    40120   0       65.545  -8.969811.87756 0       0       0       
GRID    40121   0       66.3034 -8.524311.66841 0       0       0       
GRID    40122   0       67.04   -8.041881.87316 0       0       0       
GRID    40123   0       66.2817 -8.487372.0823  0       0       0       
GRID    40124   0       65.9914 -9.533081.95125 0       0       0       
GRID    40125   0       66.6791 -9.129151.76162 0       0       0       
GRID    40126   0       67.347  -8.691731.94726 0       0       0       
GRID    40127   0       66.6594 -9.095662.1369  0       0       0       
GRID    40128   0       66.4379 -10.09642.02495 0       0       0       
GRID    40129   0       67.0547 -9.733991.85483 0       0       0       
GRID    40130   0       67.6539 -9.341582.02137 0       0       0       
GRID    40131   0       67.0371 -9.703942.19149 0       0       0       
GRID    40132   0       66.8843 -10.65962.09864 0       0       0       
GRID    40133   0       67.4304 -10.33881.94803 0       0       0       
GRID    40134   0       67.9609 -9.991432.09547 0       0       0       
GRID    40135   0       67.4148 -10.31222.24608 0       0       0       
GRID    40136   0       67.151  -10.93642.13725 0       0       0       
GRID    40137   0       67.8061 -10.94852.04176 0       0       0       
GRID    40138   0       68.4476 -10.92782.20466 0       0       0       
GRID    40139   0       67.7925 -10.91572.30015 0       0       0       
RBE0    4018    4018    40072   40073   40074   40075   
RBE0    4019    4019    40076   40077   40078   40079   
RBE0    4020    4020    40080   40081   40082   40083   
RBE0    4021    4021    40084   40085   40086   40087   
RBE0    4022    4022    40088   40089   40090   40091   
RBE0    4023    4023    40092   40093   40094   40095   
RBE0    4024    4024    40096   40097   40098   40099   
RBE0    4025    4025    40100   40101   40102   40103   
RBE0    4026    4026    40104   40105   40106   40107   
RBE0    4027    4027    40108   40109   40110   40111   
RBE0    4028    4028    40112   40113   40114   40115   
RBE0    4029    4029    40116   40117   40118   40119   
RBE0    4030    4030    40120   40121   40122   40123   
RBE0    4031    4031    40124   40125   40126   40127   
RBE0    4032    4032    40128   40129   40130   40131   
RBE0    4033    4033    40132   40133   40134   40135   
RBE0    4034    4034    40136   40137   40138   40139   

$-------2-------3-------4-------5-------6-------7-------8-------9-------10
$ Beam properties
$-------2-------3-------4-------5-------6-------7-------8-------9-------10
PBAR    1000    100     0.0410310.0161640.0161640.032328447.85  
                                                                        
PBAR    1001    100     0.1042510.2651280.2651280.530257415.791 
                                                                        
PBAR    1002    100     0.1498610.7875520.7875521.5751  324.411 
                                                                        
PBAR    1003    100     0.1681761.11303 1.11303 2.22606 685.27  
                                                                        
PBAR    1004    100     0.17042 1.15819 1.15819 2.31639 483.279 
                                                                        
PBAR    1005    100     0.1686861.1232  1.1232  2.24639 498.967 
                                                                        
PBAR    1006    100     0.1669341.08856 1.08856 2.17712 514.654 
                                                                        
PBAR    1007    100     0.1651291.05363 1.05363 2.10725 510.63  
                                                                        
PBAR    1008    100     0.1642141.03621 1.03621 2.07242 568.442 
                                                                        
PBAR    1009    100     0.1641591.03517 1.03517 2.07034 563.809 
                                                                        
PBAR    1010    100     0.1641591.03517 1.03517 2.07035 583.346 
                                                                        
PBAR    1011    100     0.1641591.03518 1.03518 2.07035 602.882 
                                                                        
PBAR    1012    100     0.1641591.03518 1.03518 2.07036 622.418 
                                                                        
PBAR    1013    100     0.16416 1.03518 1.03518 2.07036 540.618 
                                                                        
PBAR    1014    100     0.1561170.8903670.8903671.78073 817.687 
                                                                        
PBAR    1015    100     0.1415850.6641610.6641611.32832 680.032 
                                                                        
PBAR    1016    100     0.1183590.3879930.3879930.775985495.397 
                                                                        
PBAR    1017    100     0.0940470.1946540.1946540.389308959.395 
                                                                        
PBAR    1018    100     0.0721040.0877190.0877190.175439891.226 
                                                                        
PBAR    1019    100     0.0299000.0062550.0062550.012511756.358 
                                                                        
PBAR    2000    200     0.4986330.14271 2.90236 0.4724571.59901 
                                                                        
PBAR    2001    200     0.4595720.1305472.2577  0.4247071.59901 
                                                                        
PBAR    2002    200     0.4134680.1125821.63096 0.3586422.88054 
                                                                        
PBAR    2003    200     0.3993840.1015531.47119 0.32351 2.78323 
                                                                        
PBAR    2004    200     0.3852990.0912691.32221 0.29075 2.68592 
                                                                        
PBAR    2005    200     0.3712140.0817041.18364 0.2602792.58861 
                                                                        
PBAR    2006    200     0.3571290.0728321.05511 0.2320162.4913  
                                                                        
PBAR    2007    200     0.3430450.0646270.9362410.2058772.39399 
                                                                        
PBAR    2008    200     0.32896 0.0570620.8266510.1817782.29668 
                                                                        
PBAR    2009    200     0.3148750.0501120.7259650.1596372.19937 
                                                                        
PBAR    2010    200     0.30079 0.0437500.6338050.1393722.10206 
                                                                        
PBAR    2011    200     0.2867060.0379510.5497960.1208982.00475 
                                                                        
PBAR    2012    200     0.2726210.0326880.4735580.1041341.90744 
                                                                        
PBAR    2013    200     0.2585360.0279360.4047160.0889951.81013 
                                                                        
PBAR    2014    200     0.2437250.0241820.3391630.0767231.66961 
                                                                        
PBAR    2015    200     0.2323140.0216610.2936520.0684251.61957 
                                                                        
PBAR    2016    200     0.22503 0.0197150.26727 0.0622771.56954 
                                                                        
PBAR    2017    200     0.2177460.0178890.2425170.0565091.51951 
                                                                        
PBAR    2018    200     0.2104630.01618 0.2193410.0511091.46948 
                                                                        
PBAR    2019    200     0.2031790.0145830.1976920.0460651.41945 
                                                                        
PBAR    2020    200     0.1958960.0130940.1775150.0413631.36942 
                                                                        
PBAR    2021    200     0.1886120.0117110.1587610.0369931.31938 
                                                                        
PBAR    2022    200     0.1813280.0104280.1413760.0329421.26935 
                                                                        
PBAR    2023    200     0.1740450.0092430.12531 0.0291981.21932 
                                                                        
PBAR    2024    200     0.1666990.0081370.1103930.0257081.1694  
                                                                        
PBAR    2025    200     0.1592340.0071080.0964960.0224581.11772 
                                                                        
PBAR    2026    200     0.15171 0.0061670.0837190.0194841.06603 
                                                                        
PBAR    2027    200     0.1441870.0053130.0721220.0167851.01435 
                                                                        
PBAR    2028    200     0.1366630.0045410.0616490.0143480.962659
                                                                        
PBAR    2029    200     0.1291390.0038480.0522430.0121590.910973
                                                                        
PBAR    2030    200     0.1216160.0032290.0438450.0102040.859286
                                                                        
PBAR    2031    200     0.1140920.0026810.0364000.0084710.8076  
                                                                        
PBAR    2032    200     0.1065690.0021980.0298490.0069470.755914
                                                                        
PBAR    2033    200     0.0990450.0017770.0241350.0056170.704227
                                                                        
PBAR    3000    300     0.0746770.0200420.1882020.0600432.01082 
                                                                        
PBAR    3001    300     0.0707260.0170320.1599440.0510271.9074  
                                                                        
PBAR    3002    300     0.0667750.0143410.1346670.0429631.80399 
                                                                        
PBAR    3003    300     0.0628250.0119480.1122040.0357961.70058 
                                                                        
PBAR    3004    300     0.0588740.0098380.0923880.0294751.59716 
                                                                        
PBAR    3005    300     0.0549230.0079920.0750550.0239451.49375 
                                                                        
PBAR    3006    300     0.0509720.0063930.0600380.0191541.39034 
                                                                        
PBAR    3007    300     0.0470220.0050230.0471710.0150491.28692 
                                                                        
PBAR    3008    300     0.0430710.0038640.0362870.0115771.18351 
                                                                        
PBAR    3009    300     0.0391200.0028980.0272220.0086841.0801  
                                                                        
PBAR    3010    300     0.0351690.0021090.0198070.0063190.976682
                                                                        
PBAR    3011    300     0.0312180.0014780.0138790.0044280.873269
                                                                        
PBAR    3012    300     0.0272680.0009870.0092700.0029570.769856
                                                                        
PBAR    3013    300     0.0233170.0006190.0058140.0018550.666442
                                                                        
PBAR    4000    400     0.0804100.0131880.1636260.0411711.30905 
                                                                        
PBAR    4001    400     0.0755850.0123000.1346440.0377251.30905 
                                                                        
PBAR    4002    400     0.0690520.0106080.1015340.0318771.71679 
                                                                        
PBAR    4003    400     0.0656340.0091140.0872400.0273891.63212 
                                                                        
PBAR    4004    400     0.0622160.0077680.0743550.0233441.54745 
                                                                        
PBAR    4005    400     0.0587990.0065620.0628060.0197181.46279 
                                                                        
PBAR    4006    400     0.0553810.0054870.0525190.0164891.37812 
                                                                        
PBAR    4007    400     0.0519630.0045360.0434210.0136321.29345 
                                                                        
PBAR    4008    400     0.0484950.0037120.0353100.0111451.20178 
                                                                        
PBAR    4009    400     0.0451400.0030160.0284900.0090451.12281 
                                                                        
PBAR    4010    400     0.0419480.0024230.0228910.0072671.04384 
                                                                        
PBAR    4011    400     0.0387560.0019140.0180790.0057390.964873
                                                                        
PBAR    4012    400     0.0355640.0014810.0139930.0044420.885904
                                                                        
PBAR    4013    400     0.0323710.0011190.0105750.0033570.806934
                                                                        
PBAR    4014    400     0.0291790.0008220.0077640.0024650.727965
                                                                        
PBAR    4015    400     0.0259870.0005820.0055010.0017460.648995
                                                                        
PBAR    4016    400     0.0227950.0003940.0037270.0011830.570026
                                                                        

$-------2-------3-------4-------5-------6-------7-------8-------9-------10
$ Bodies and lifting surfaces definition
$-------2-------3-------4-------5-------6-------7-------8-------9-------10
CAERO1  200     0       0       3       7       N64A410 N64A410 1       
        20.1178 0       -2.2962814.8298 3.55498 1       0       1       1       
CAERO1  250     0       0       3       7       N64A410 N64A410 1       
        20.1178 0       -2.2962814.8298 -3.554981       0       1       1       
CAERO1  201     7       0       6       4       N64A410 N64A410 1       
        20.1178 3.54895 -2.2962814.8298 9.74474 0.60135140.0883 1       1       
        1       0.2     0.2     3         flap1r
CAERO1  251     -7      0       6       4       N64A410 N64A410 1       
        20.1178 -3.54895-2.2962814.8298 -9.744740.601351-40.08831       1       
        1       0.2     0.2     3         flap1l
CAERO1  202     7       0       5       4       N64A410 N64A410 1       
        29.7982 13.2211 -1.108698.91789 8.17068 0.70476240.4295 1       1       
        1       0.2     0.25    3         flap2r
CAERO1  252     -7      0       5       4       N64A410 N64A410 1       
        29.7982 -13.2211-1.108698.91789 -8.170680.704762-40.42951       1       
        1       0.2     0.25    3         flap2l
CAERO1  204     7       0       5       4       N64A410 N64A410 1       
        37.4174 21.3308 -0.112936.28499 8.3496  0.56756840.4024 1       1       
        1       0.25    0.25    3       aileronr
CAERO1  254     -7      0       5       4       N64A410 N64A410 1       
        37.4174 -21.3308-0.112936.28499 -8.3496 0.567568-40.40241       1       
        1       0.25    0.25    3       aileronl
CAERO1  400     0       0       2       6       0012    0012    1       
        58.8126 0       0.9999768.54188 1.85631 1       0       -3      -3      
CAERO1  450     0       0       2       6       0012    0012    1       
        58.8126 0       0.9999768.54188 -1.856311       0       -3      -3      
CAERO1  401     7.23    0       4       3       0012    0012    1       
        58.8126 1.86322 0.9999768.54188 3.64369 0.71121634.9935 -3      -3      
        1       0.3     0.3     3         elev1r
CAERO1  451     -7.23   0       4       3       0012    0012    1       
        58.8126 -1.863220.9999768.54188 -3.643690.711216-34.9935-3      -3      
        1       0.3     0.3     3         elev1l
CAERO1  402     7.23    0       5       3       0012    0012    1       
        61.98   5.47792 1.45854 6.07512 5.5     0.42741935.4194 -3      -3      
        1       0.3     0.3     3         elev2r
CAERO1  452     -7.23   0       5       3       0012    0012    1       
        61.98   -5.477921.45854 6.07512 -5.5    0.427419-35.4194-3      -3      
        1       0.3     0.3     3         elev2l
CAERO1  301     90      0       4       3       0012    0012    1       
        54.5945 0       2.844   11.8586 5.08    0.64    46.9327 0       0       
        1       0.3     0.3     3        rudder1
CAERO1  302     90      0       4       3       0012    0012    1       
        61.0966 3.11e-167.924   7.58952 5.08    0.4375  46.9327 0       0       
        1       0.3     0.3     3        rudder2

$-------2-------3-------4-------5-------6-------7-------8-------9-------10
$ Links aeroelastic variables
$-------2-------3-------4-------5-------6-------7-------8-------9-------10
AELINK  1         flap1l  flap1r-1.0    
AELINK  2         flap2l  flap2r-1.0    
AELINK  3       aileronlaileronr1.0     
AELINK  4        rudder2 rudder11.0     
AELINK  5         elev2r  elev1r1.0     
AELINK  6         elev1l  elev1r-1.0    
AELINK  7         elev2l  elev1r-1.0    

$-------2-------3-------4-------5-------6-------7-------8-------9-------10
$ Structural interpolation set
$-------2-------3-------4-------5-------6-------7-------8-------9-------10
SET1    200     2000    2001    2002    
CORD2R  200     0       27.532210.000000-2.3605027.532210.000000-1.36050
        26.532210.000000-2.36050
SET1    201     2002    2003    2004    2005    2006    2007    2008    
        2009    2010    2011    2012    2013    2014    
CORD2R  201     0       27.532213.554984-2.3605027.532213.430498-1.36827
        26.709134.118505-2.28979
SET1    202     2014    2015    2016    2017    2018    2019    2020    
        2021    2022    2023    2024    
CORD2R  202     0       34.2568413.22467-1.1473134.2568413.10142-0.15493
        33.4650413.83079-1.07203
SET1    203     2024    2025    2026    2027    2028    2029    2030    
        2031    2032    2033    2034    
CORD2R  203     0       40.5597421.33339-0.1401540.5597421.210110.852216
        39.7673121.93870-0.06496
SET1    250     2000    2035    2036    
CORD2R  250     0       27.532210.000000-2.3605027.532210.000000-3.36050
        26.532210.000000-2.36050
SET1    251     2036    2037    2038    2039    2040    2041    2042    
        2043    2044    2045    2046    2047    2048    
CORD2R  251     0       27.53221-3.55498-2.3605027.53221-3.67947-3.35272
        26.70913-4.11850-2.28979
SET1    252     2048    2049    2050    2051    2052    2053    2054    
        2055    2056    2057    2058    
CORD2R  252     0       34.25684-13.2246-1.1473134.25684-13.3479-2.13968
        33.46504-13.8307-1.07203
SET1    253     2058    2059    2060    2061    2062    2063    2064    
        2065    2066    2067    2068    
CORD2R  253     0       40.55974-21.3333-0.1401540.55974-21.4566-1.13252
        39.76731-21.9387-0.06496
SET1    301     3000    3001    3002    3003    3004    3005    3006    
        3007    
CORD2R  301     0       59.634410.0000002.84400059.63441-1.000002.844000
        58.899500.0000003.522163
SET1    302     3007    3008    3009    3010    3011    3012    3013    
        3014    
CORD2R  302     0       64.322140.0000007.92400064.32214-1.000007.924000
        63.587230.0000008.602163
SET1    400     4000    4001    
CORD2R  400     0       62.227910.0000001.06650062.227910.0000002.066500
        61.227910.0000001.066500
SET1    401     4001    4002    4003    4004    4005    4006    4007    
        4008    
CORD2R  401     0       62.227910.9281541.06650062.227910.8319322.061860
        61.325571.3571851.107975
SET1    402     4008    4009    4010    4011    4012    4013    4014    
        4015    4016    4017    
CORD2R  402     0       64.409045.4730251.50585764.409045.3520862.498517
        63.557795.9939431.569323
SET1    450     4000    4018    
CORD2R  450     0       62.227910.0000001.06650062.227910.0000000.066500
        61.227910.0000001.066500
SET1    451     4018    4019    4020    4021    4022    4023    4024    
        4025    
CORD2R  451     0       62.22791-0.928151.06650062.22791-1.024370.071140
        61.32557-1.357181.107975
SET1    452     4025    4026    4027    4028    4029    4030    4031    
        4032    4033    4034    
CORD2R  452     0       64.40904-5.473021.50585764.40904-5.593960.513197
        63.55779-5.993941.569323

$-------2-------3-------4-------5-------6-------7-------8-------9-------10
$ Interpolation definition
$-------2-------3-------4-------5-------6-------7-------8-------9-------10
SPLINE1 200     200     1       21      200                     0       
SPLINE1 201     201     1       42      201                     0       
SPLINE1 202     202     1       35      202                     0       
SPLINE1 203     204     1       35      203                     0       
SPLINE1 250     250     1       21      250                     0       
SPLINE1 251     251     1       42      251                     0       
SPLINE1 252     252     1       35      252                     0       
SPLINE1 253     254     1       35      253                     0       
SPLINE1 301     301     1       24      301                     0       
SPLINE1 302     302     1       24      302                     0       
SPLINE1 400     400     1       12      400                     0       
SPLINE1 401     401     1       24      401                     0       
SPLINE1 402     402     1       30      402                     0       
SPLINE1 450     450     1       12      450                     0       
SPLINE1 451     451     1       24      451                     0       
SPLINE1 452     452     1       30      452                     0       

$-------2-------3-------4-------5-------6-------7-------8-------9-------10
$ Lumped masses: ENGINES 12043.3149 Kg
$-------2-------3-------4-------5-------6-------7-------8-------9-------10
CONM2   1       2013    0       6021.66 -7.09724-0.25231-1.97881
        0.      0.      0.      0.      0.      0.      
CONM2   2       2047    0       6021.66 -7.097240.252311-1.97881
        0.      0.      0.      0.      0.      0.      

$-------2-------3-------4-------5-------6-------7-------8-------9-------10
$ Lumped masses: ENGINES2 12043.3149 Kg
$-------2-------3-------4-------5-------6-------7-------8-------9-------10
CONM2   3       2024    0       6021.66 -5.819370.137009-1.73835
        0.      0.      0.      0.      0.      0.      
CONM2   4       2058    0       6021.66 -5.81937-0.13700-1.73835
        0.      0.      0.      0.      0.      0.      

$-------2-------3-------4-------5-------6-------7-------8-------9-------10
$ Lumped masses: MAIN LANDING GEAR 14314.1606 Kg
$-------2-------3-------4-------5-------6-------7-------8-------9-------10
CONM2   5       1008    0       14314.2 -0.670460       -2.81761
        0.      0.      0.      0.      0.      0.      
PARAM   LANDG   1008

$ Summary of secondary masses (as CONM2): 
$ Engines: 12043.3149
$ Engines2: 12043.3149
$ Nose landing gear: 0
$ Main landing gear: 14314.1606
$-------2-------3-------4-------5-------6-------7-------8-------9-------10
$ Rigid structural link
$-------2-------3-------4-------5-------6-------7-------8-------9-------10
RBE2    1       1008    1235    2002    2036    
RBE2    2       1017    123456  3000    
RBE2    3       1018    123456  4000    

PARAM   DIVERG  1       
AEROS           0       10.483  59.64   551     0       0       
